11.338
11.361
11.698
10.678
11.940
9.189
10.424
11.109
8.791
13.008
12.593
10.904
10.234
11.508
10.546
10.627
10.806
9.964
10.631
11.767
10.046
11.721
9.295
10.049
10.634
11.273
13.059
10.238
11.205
12.213
10.871
11.861
11.964
12.447
10.996
9.724
9.862
10.715
10.554
10.915
9.194
11.530
10.066
10.133
11.745
10.902
10.664
11.551
10.925
12.250
13.874
11.715
9.698
9.784
11.712
10.432
9.308
11.456
10.137
10.609
11.618
11.177
12.583
11.311
11.618
12.477
12.663
9.989
10.606
11.563
12.699
11.239
12.818
12.417
10.901
9.163
11.656
10.525
11.844
9.502
9.991
11.498
11.062
11.069
10.455
10.559
11.562
9.653
12.210
10.719
12.581
10.810
10.602
11.221
12.184
10.352
10.881
11.645
11.741
9.881
11.209
10.803
12.565
12.013
10.598
9.329
10.681
12.070
12.017
11.642
11.844
10.200
10.705
11.917
11.010
11.109
9.294
10.019
11.403
11.169
8.802
11.257
8.703
9.887
10.474
11.849
12.315
11.091
12.157
12.096
11.194
12.326
9.473
10.972
10.550
10.262
10.054
12.844
11.198
10.789
9.597
11.062
10.182
10.982
11.406
10.199
9.432
10.306
10.076
11.255
9.496
10.415
10.499
10.352
10.151
12.881
11.637
9.262
11.290
10.305
12.520
9.908
11.439
10.612
10.399
11.003
10.438
10.552
11.279
10.323
10.269
11.825
11.313
10.981
10.545
11.004
11.361
10.754
9.323
10.118
11.371
9.595
10.604
10.005
10.379
10.176
13.128
11.296
11.189
11.642
10.905
12.990
11.558
11.629
10.597
12.942
12.640
10.774
10.947
10.562
11.390
10.843
10.770
11.444
11.394
11.596
11.337
12.564
11.796
11.576
10.472
9.778
10.251
11.858
10.727
11.731
11.199
11.769
12.008
10.895
10.088
10.607
10.661
11.221
11.661
11.122
13.729
11.261
11.249
10.949
9.853
9.301
11.435
13.232
10.295
10.512
10.356
11.184
10.874
10.760
11.589
12.868
10.925
11.206
11.325
11.315
11.568
11.448
11.932
11.189
11.477
11.063
10.670
11.961
10.172
12.598
10.018
10.397
9.806
11.948
10.257
10.569
11.094
9.774
12.366
10.403
9.221
10.134
11.898
10.218
9.542
10.099
11.216
10.780
11.891
10.917
10.890
11.854
12.341
10.633
11.417
10.320
10.960
11.536
12.059
11.362
11.633
9.263
10.294
10.921
11.691
11.300
9.369
9.119
11.743
12.818
10.966
10.746
9.186
11.209
10.554
11.828
9.679
10.959
8.535
11.620
9.908
11.626
12.279
11.035
11.429
11.398
12.433
12.094
9.563
9.931
10.627
11.851
11.958
10.650
10.513
11.591
12.562
13.490
11.638
10.210
11.591
11.135
10.695
10.773
9.438
10.835
12.944
11.650
9.912
10.717
11.508
9.688
11.279
8.871
11.966
9.393
11.004
10.167
11.050
10.516
10.719
9.649
10.754
10.964
11.239
11.090
10.696
10.077
13.139
11.234
12.939
10.799
10.028
10.784
10.431
11.714
10.799
10.150
11.001
9.786
9.804
11.568
11.541
10.869
11.132
10.727
12.708
9.363
11.171
11.348
13.015
8.571
10.686
11.367
9.160
11.744
12.167
10.833
10.031
9.871
9.475
9.738
11.425
9.856
10.699
10.243
11.082
10.832
11.533
10.116
11.496
9.353
11.147
11.772
10.860
11.221
10.451
10.799
10.069
11.643
10.662
12.383
10.084
9.333
10.253
11.693
10.416
11.836
10.914
11.395
10.690
11.352
10.680
10.359
9.074
12.663
9.077
10.990
11.334
10.679
11.570
11.161
10.608
13.074
8.741
11.448
11.158
10.641
11.889
10.693
12.299
9.871
10.577
11.357
11.194
10.075
10.749
9.914
10.182
9.965
11.425
10.683
10.449
12.543
12.156
10.642
11.562
12.084
11.501
10.177
11.357
12.688
9.953
14.855
12.358
10.991
12.114
10.902
10.337
13.297
9.459
11.022
9.572
10.697
11.373
10.685
10.632
14.285
11.906
11.288
8.996
10.198
10.127
12.473
11.024
9.829
10.355
10.084
9.743
11.625
9.192
10.626
11.164
13.266
10.822
11.972
10.844
13.118
9.181
11.955
11.347
10.246
12.133
10.333
13.579
9.393
11.009
11.236
11.110
11.264
12.087
10.716
9.952
10.524
10.594
9.819
11.192
9.789
10.967
10.179
10.728
11.900
9.076
11.281
11.139
12.023
10.960
9.374
11.232
11.264
10.486
11.579
10.203
10.434
10.451
12.112
11.821
10.163
11.748
11.684
10.352
11.565
12.403
10.746
19.066
10.953
10.181
10.416
11.551
9.797
11.177
12.010
10.119
11.988
9.977
9.650
10.140
10.738
10.129
10.104
11.676
11.820
11.741
10.478
11.109
10.728
11.315
10.412
10.935
12.096
9.640
11.189
12.337
11.342
10.373
11.801
11.595
9.472
9.649
9.936
10.626
12.433
10.623
9.887
11.568
11.938
10.588
10.676
9.972
9.847
12.141
9.180
11.066
10.930
10.957
11.448
10.021
10.808
11.174
11.499
12.740
10.950
11.170
10.416
10.485
9.856
11.656
12.653
9.995
9.725
10.205
9.748
11.415
11.748
10.599
11.686
11.543
12.219
11.858
10.426
10.571
10.862
12.167
10.189
11.916
10.317
11.856
12.584
12.371
11.323
10.976
10.292
12.078
11.184
9.497
11.500
11.584
11.425
12.811
10.319
9.341
10.406
11.306
12.307
13.069
11.636
10.054
11.910
11.013
12.511
11.412
10.713
11.057
11.403
10.925
11.470
11.553
9.998
12.919
12.334
10.776
10.065
11.320
11.590
11.709
10.860
12.183
12.522
10.068
10.586
12.458
9.756
10.986
12.027
11.128
10.535
12.349
9.903
11.918
10.923
11.157
9.916
9.619
9.887
10.832
11.453
11.034
9.901
10.543
11.141
12.484
11.589
11.161
10.314
10.821
11.019
9.868
10.543
10.137
9.289
10.404
10.710
9.214
10.350
11.582
10.166
10.732
10.908
10.239
10.852
9.784
10.114
9.762
10.956
10.411
11.224
11.236
12.889
9.402
10.387
10.293
10.726
12.943
11.409
10.639
10.500
11.023
8.894
10.068
9.828
9.163
11.119
11.455
9.844
10.592
13.215
13.611
11.102
10.955
11.271
9.074
12.109
10.611
10.474
10.593
10.392
10.984
11.234
11.399
11.236
11.654
11.384
11.140
10.048
11.057
11.353
12.017
10.432
10.427
11.113
11.693
11.024
9.937
10.990
9.399
10.640
10.894
10.261
10.470
10.374
12.286
11.545
9.473
11.479
10.957
11.013
11.111
11.105
10.784
9.721
9.833
10.057
11.290
11.984
10.859
9.440
9.933
10.218
11.112
9.565
11.414
10.203
12.313
9.314
10.808
12.473
9.840
9.942
12.097
11.364
11.623
10.216
10.283
9.769
9.938
12.146
10.255
9.301
9.754
11.073
10.550
10.688
11.122
12.364
11.006
10.318
11.379
10.904
12.540
9.475
11.464
10.565
11.408
12.328
10.156
10.999
11.650
15.774
10.153
10.334
10.418
11.260
9.872
11.035
10.547
10.364
9.396
10.518
10.280
10.631
12.472
12.923
10.843
12.318
11.917
11.595
11.231
10.580
10.129
10.831
12.062
12.391
11.229
9.764
9.598
12.319
11.320
11.446
10.366
12.101
10.813
12.226
11.290
9.547
9.900
11.691
10.422
11.192
10.743
10.590
10.745
12.319
10.556
8.471
11.398
11.923
10.516
9.573
9.799
12.050
15.549
11.644
10.549
9.621
10.890
10.992
11.022
10.471
10.026
10.315
11.311
10.874
11.219
14.834
12.038
10.711
9.898
10.546
11.461
11.773
12.314
10.646
12.724
9.828
9.619
9.884
9.932
9.964
11.728
12.292
9.918
10.124
11.376
11.668
10.373
9.899
10.806
10.582
11.023
10.882
10.282
10.888
11.164
11.860
10.834
11.954
10.146
11.296
10.538
11.535
12.046
10.775
10.899
10.016
10.763
10.635
11.436
10.886
11.431
12.142
10.506
10.503
11.333
11.034
11.105
11.366
10.023
11.004
10.123
9.736
10.612
11.117
10.245
9.548
13.008
11.510
9.264
9.509
10.367
11.916
10.241
10.741
10.913
8.997
9.717
10.520
9.891
10.273
10.418
11.023
9.695
10.992
9.086
11.011
8.511
9.919
10.706
9.842
10.797
10.908
11.647
11.156
12.476
9.744
11.175
11.148
9.794
12.388
10.642
10.938
10.227
10.633
11.303
10.641
13.781
12.589
10.475
9.974
9.999
11.311
9.882
11.227
10.332
10.267
9.000
9.446
11.041
10.403
9.994
11.297
11.134
9.002
10.520
10.255
11.415
11.690
10.362
11.775
10.326
8.966
10.697
10.757
9.708
9.620
10.406
11.625
11.591
11.002
11.302
11.547
9.874
12.510
11.426
10.284
14.924
11.163
11.589
12.893
11.254
9.866
12.371
11.902
12.180
11.676
9.807
10.254
11.379
11.611
10.999
11.582
11.080
10.905
11.488
12.731
11.085
11.529
10.731
11.524
10.644
10.029
9.434
12.303
10.776
11.492
9.771
10.285
11.329
11.525
10.301
11.414
10.396
10.304
10.919
11.403
11.831
12.310
10.243
8.780
10.489
9.548
10.504
10.608
10.224
12.476
10.054
11.238
10.108
11.397
9.995
10.917
10.371
10.005
9.526
10.632
9.608
10.866
11.377
10.115
9.582
9.829
12.199
11.335
9.896
10.359
11.869
11.865
10.543
10.716
11.116
8.782
11.547
11.803
9.636
10.828
10.613
9.280
10.427
11.575
11.210
11.131
10.461
10.409
12.078
10.499
12.202
13.086
9.531
11.375
10.543
10.963
10.038
10.860
11.420
11.614
10.988
11.512
10.598
9.463
9.214
11.078
9.831
10.890
10.444
11.084
11.265
10.213
11.177
10.892
10.731
9.605
12.288
9.846
10.937
10.406
9.964
9.306
9.786
10.105
11.070
10.364
9.646
11.090
10.548
11.532
10.106
11.867
10.164
9.818
10.560
10.025
10.521
11.126
10.710
9.272
11.059
9.834
10.833
9.422
10.148
10.450
8.845
9.184
11.414
9.699
9.887
9.806
11.451
11.213
9.570
11.754
10.640
9.856
11.457
8.570
10.400
11.333
9.521
11.741
11.937
11.043
10.998
9.837
10.626
12.234
11.830
11.594
11.301
11.022
9.057
10.849
12.006
10.093
9.862
10.508
10.823
10.022
10.983
11.160
9.577
9.748
10.954
11.624
10.517
9.695
10.017
11.519
12.201
10.692
9.182
10.238
10.646
12.472
11.276
10.889
10.510
11.701
11.559
11.273
11.695
9.589
11.741
10.326
10.079
11.134
11.060
9.461
9.795
10.708
11.484
9.860
10.285
10.772
10.691
12.456
11.838
11.641
12.177
11.800
10.760
10.945
10.546
10.651
13.316
12.041
11.113
10.416
9.857
10.689
13.128
9.538
9.846
10.341
11.059
11.524
10.474
11.739
12.007
11.388
9.866
11.319
10.927
10.326
11.776
11.667
8.736
10.950
14.370
13.158
9.496
11.344
9.910
11.375
11.957
9.969
11.138
10.328
9.511
10.786
10.079
9.809
9.656
12.024
8.596
10.967
11.716
10.696
12.283
11.367
9.984
10.940
9.539
9.676
12.326
11.741
9.771
10.177
10.437
12.849
11.591
9.311
10.529
9.887
9.484
10.144
11.391
10.246
11.972
10.413
9.813
9.971
10.695
11.273
9.224
12.156
10.308
10.623
10.677
10.463
9.382
12.034
10.996
10.328
12.936
9.847
10.379
11.966
10.450
9.152
10.511
9.784
10.142
8.939
11.427
