3.747
3.843
3.959
3.552
3.954
3.277
3.776
3.901
3.279
4.177
4.026
3.832
3.592
3.987
3.882
3.684
3.772
3.334
3.762
3.776
3.556
3.761
3.318
3.444
3.674
3.829
4.254
3.554
3.739
3.901
3.653
3.969
3.998
4.017
3.685
3.568
3.361
3.805
3.889
4.015
3.293
4.012
3.584
3.510
3.682
3.661
3.451
3.955
3.606
4.111
4.113
3.828
3.396
3.369
4.113
3.740
3.455
3.929
3.412
3.573
3.679
3.933
4.154
4.026
3.397
4.128
4.187
3.364
3.704
3.918
3.482
3.733
4.226
4.287
4.114
3.824
4.027
3.421
4.224
3.470
3.732
3.806
3.859
3.858
3.433
3.638
4.226
3.441
4.001
3.348
4.032
3.787
3.939
3.891
3.923
3.848
3.971
3.890
4.137
3.602
3.906
3.871
4.324
4.155
3.685
3.628
3.983
4.491
4.238
3.881
4.182
3.560
3.889
4.028
3.768
3.952
3.493
3.776
3.941
4.235
3.546
3.671
3.531
3.478
3.656
3.949
4.106
3.794
4.192
3.973
3.519
3.731
3.254
3.681
3.647
3.434
3.605
4.023
3.940
3.618
3.443
3.712
3.887
4.054
3.649
3.498
3.616
3.593
3.638
3.913
3.381
3.674
3.685
3.525
3.641
4.215
3.898
3.294
3.757
3.375
3.570
3.432
3.829
3.635
3.394
3.383
3.467
3.580
3.890
3.744
3.514
3.279
3.737
3.676
3.539
3.889
3.718
3.663
3.224
3.538
3.872
3.203
3.312
3.631
3.563
3.791
4.604
3.930
4.154
4.127
3.997
4.783
4.070
4.108
3.635
4.405
4.526
4.058
3.998
3.963
4.051
4.089
3.787
4.087
3.977
4.121
3.900
4.092
4.079
3.850
3.796
3.479
3.806
4.040
3.934
4.356
3.980
4.213
4.124
4.086
3.827
3.716
3.845
3.875
4.055
3.808
4.584
4.162
3.859
3.802
3.764
3.447
4.071
4.414
3.714
3.736
3.737
3.993
3.783
3.773
4.099
4.024
3.789
4.004
4.184
4.189
3.981
3.846
4.198
4.302
4.122
4.070
3.653
4.134
3.546
4.064
3.449
3.788
3.541
4.143
3.680
3.609
4.058
3.505
3.906
3.572
3.353
3.751
4.352
3.662
3.533
3.414
3.785
3.630
4.039
3.748
3.673
3.889
3.843
3.469
3.799
3.847
3.676
4.278
4.066
3.660
3.922
3.301
3.339
3.723
3.826
3.800
3.480
3.287
3.661
4.189
3.710
3.679
3.302
3.714
3.731
3.714
3.252
3.600
3.024
3.763
3.503
3.881
4.259
3.916
3.742
3.834
4.274
3.880
3.655
3.304
3.598
4.083
3.716
3.799
3.697
3.959
4.269
4.241
3.804
3.747
3.639
3.558
3.686
3.389
3.629
4.378
3.678
3.540
3.594
3.849
3.529
4.003
3.291
3.999
3.388
3.794
3.543
3.819
3.833
3.476
3.400
3.869
3.616
3.912
3.894
3.900
3.936
3.354
3.816
4.134
3.697
3.603
3.666
3.508
3.735
3.803
3.475
3.978
3.296
3.489
3.898
3.667
3.643
4.068
3.833
4.302
3.292
3.824
3.921
4.547
3.180
3.794
3.773
3.536
4.205
4.163
3.679
3.591
3.550
3.480
3.427
3.703
3.602
3.637
3.479
3.658
3.675
3.875
3.567
3.814
3.237
3.894
3.911
3.644
3.885
3.276
3.630
3.614
3.767
3.461
4.190
3.614
3.496
3.559
3.994
3.501
3.925
3.621
3.959
3.655
3.918
3.743
3.541
3.494
4.158
3.129
3.450
3.983
3.636
3.915
3.878
3.535
4.164
3.418
3.759
3.643
3.654
3.966
3.518
3.930
3.706
3.803
4.261
3.961
3.526
3.675
3.631
3.501
3.506
4.178
3.666
3.954
4.025
4.247
3.678
3.985
4.017
3.849
3.460
3.611
3.222
3.423
3.680
4.024
3.747
4.087
3.610
3.550
4.293
3.492
3.615
3.338
3.735
3.857
3.500
3.653
4.357
3.903
4.010
3.237
3.676
3.410
4.186
3.822
3.304
3.513
3.583
3.414
3.392
3.344
3.608
3.778
4.354
3.646
4.028
3.419
4.081
3.211
3.967
3.898
3.656
3.977
3.790
4.476
3.409
3.920
3.904
3.828
3.960
4.227
3.778
3.476
3.377
3.766
3.457
3.764
3.464
3.838
3.507
3.720
3.967
3.287
3.986
3.699
3.961
3.739
3.310
3.680
3.767
3.587
3.900
3.539
3.514
3.868
4.118
4.056
3.877
3.923
3.849
3.590
4.131
4.291
3.872
3.851
3.796
3.492
3.875
3.744
3.699
3.971
3.854
3.463
4.063
3.386
3.430
3.517
3.542
3.582
3.423
3.960
4.231
3.239
3.953
3.689
3.937
3.817
3.557
3.860
3.976
3.464
3.851
4.344
3.895
3.729
4.080
3.805
3.480
3.584
3.637
3.651
3.786
3.849
3.614
3.711
3.852
3.456
3.712
3.660
3.489
3.832
3.294
3.703
3.654
3.616
3.832
3.469
3.695
3.714
3.809
4.354
3.772
3.721
3.488
3.519
3.668
3.729
4.094
3.553
3.435
3.816
3.492
4.069
3.916
3.547
3.723
3.986
3.934
3.924
3.774
3.436
3.660
4.285
3.508
3.998
3.756
4.079
4.196
4.232
3.917
3.520
3.700
4.313
4.019
3.473
3.889
4.037
3.817
4.332
3.455
3.493
3.349
3.825
3.606
4.060
3.983
3.352
3.892
3.509
4.100
3.955
3.422
3.537
4.025
3.524
3.883
3.807
3.594
4.508
3.999
3.568
3.379
3.853
3.967
3.756
3.734
4.241
4.063
3.347
3.634
3.994
3.507
3.632
3.766
3.624
3.433
4.093
3.394
3.976
3.537
3.677
3.354
3.508
3.561
3.546
3.699
3.908
3.579
3.682
3.906
4.303
4.223
3.827
3.601
3.685
3.920
3.406
3.684
3.630
3.385
3.581
3.653
3.514
3.655
3.889
3.829
3.957
3.904
3.349
3.936
3.471
3.615
3.765
3.566
3.842
3.721
3.860
4.239
3.357
3.723
3.462
3.528
4.342
3.810
3.739
3.699
3.736
3.445
3.524
3.468
3.358
3.722
3.718
3.386
3.581
3.996
4.410
3.430
3.628
3.773
3.323
3.942
3.685
3.585
3.650
3.452
3.920
3.906
3.893
4.462
3.974
3.286
3.514
3.760
4.224
4.164
3.681
3.873
3.966
3.898
3.907
3.554
3.557
3.752
3.723
3.715
3.511
3.799
3.484
4.145
4.000
3.217
3.793
3.779
3.707
3.968
3.771
3.684
3.551
3.482
3.537
4.151
4.099
3.778
3.446
3.490
3.549
3.837
3.372
3.661
3.589
4.212
3.546
4.131
3.761
3.534
3.368
3.788
3.949
3.722
3.625
3.368
3.154
3.354
4.025
3.480
3.074
3.463
3.940
3.528
3.993
3.904
4.344
3.679
3.430
4.040
3.687
4.243
3.943
3.952
3.624
3.806
4.289
3.735
3.753
4.144
3.461
3.679
3.662
3.793
3.833
3.611
3.822
3.866
3.600
3.398
3.604
3.532
3.622
4.233
4.437
3.649
4.175
4.069
3.498
3.894
3.558
3.535
3.882
4.095
4.153
3.477
3.520
3.545
3.939
3.125
3.762
3.273
3.808
3.527
3.892
3.676
3.227
3.555
3.732
3.517
3.739
3.611
3.669
3.599
4.306
3.640
3.234
4.261
4.086
3.544
3.496
3.568
4.353
4.056
4.089
3.468
3.607
3.706
3.693
4.212
3.623
3.482
3.576
3.958
3.773
3.695
4.396
4.042
3.644
3.580
3.669
3.724
4.219
4.117
3.672
4.053
3.576
3.440
3.651
3.453
3.610
3.918
4.190
3.511
3.538
3.746
3.730
3.638
3.421
3.745
3.608
3.763
3.716
3.600
3.713
3.971
3.954
3.488
3.961
3.451
3.803
3.554
3.646
3.865
3.862
3.716
3.539
3.611
3.859
4.014
4.017
3.904
4.045
3.942
3.872
3.932
3.952
3.985
3.860
3.577
3.708
3.431
3.713
3.650
4.126
3.663
3.432
4.102
3.907
3.368
3.292
3.745
3.897
3.702
3.701
3.812
3.271
3.563
3.650
3.437
3.620
3.487
3.815
3.360
3.736
3.324
4.043
3.271
3.663
3.625
3.400
3.897
3.901
3.716
3.726
4.174
3.559
3.734
3.929
3.548
3.984
3.774
3.830
3.121
3.711
3.654
3.466
4.239
4.273
3.781
3.404
3.487
4.039
3.545
3.912
3.696
3.715
3.480
3.553
4.021
3.675
3.585
4.174
3.816
3.391
3.587
3.741
3.931
4.045
3.575
3.917
3.607
3.319
3.728
3.763
3.726
3.460
3.631
3.754
3.832
3.776
3.794
3.847
3.570
4.233
3.808
3.704
4.506
3.408
3.978
4.172
3.771
3.520
3.909
3.642
3.908
3.719
3.492
3.454
3.854
3.759
3.710
3.799
3.696
3.833
3.871
3.805
3.866
3.568
3.662
3.653
3.946
3.771
3.353
4.364
3.929
4.010
3.632
3.838
3.884
3.884
3.594
3.929
3.650
3.622
3.848
3.959
3.915
4.041
3.769
3.137
3.864
3.424
3.814
3.793
3.534
4.328
3.670
4.031
3.496
4.043
3.457
3.721
3.671
3.668
3.389
3.654
3.485
3.718
3.936
3.431
3.483
3.653
4.295
3.734
3.411
3.696
3.994
3.887
3.507
3.625
3.713
3.322
3.970
3.820
3.392
3.797
3.556
3.157
3.687
3.825
3.558
3.672
3.918
3.533
4.353
3.622
4.110
4.199
3.334
4.059
3.740
3.836
3.724
3.754
3.839
4.241
3.950
4.106
3.504
3.494
3.414
3.886
3.502
3.539
3.928
3.747
3.677
3.611
3.691
3.686
3.716
3.335
4.018
3.461
3.659
3.593
3.662
3.413
3.295
3.508
3.902
3.764
3.227
3.617
3.770
3.795
3.544
3.765
3.547
3.441
3.385
3.515
3.475
3.890
3.691
3.493
3.686
3.450
3.659
3.267
3.595
3.757
3.283
3.702
4.037
3.481
3.566
3.572
3.855
4.144
3.751
4.172
3.973
3.620
4.299
3.203
4.003
4.132
3.444
3.945
4.098
3.955
3.744
3.494
3.787
4.144
3.857
4.062
4.062
3.655
3.285
3.628
4.086
3.585
3.149
3.707
3.634
3.672
3.730
3.990
3.736
3.472
3.569
4.088
3.791
3.534
3.464
3.821
4.148
3.812
3.521
3.571
3.612
3.904
3.628
3.812
3.468
3.884
3.767
3.669
3.695
3.346
3.548
3.499
3.860
4.044
3.955
3.599
3.754
3.866
3.997
3.745
3.643
3.574
3.574
4.239
4.232
4.179
4.265
4.194
3.892
3.983
3.593
3.731
4.293
4.037
3.814
3.664
3.483
3.771
4.574
3.586
3.583
3.511
3.653
3.856
3.527
3.957
3.823
3.964
3.440
3.646
3.712
3.563
3.884
3.877
3.349
3.745
4.516
4.500
3.527
3.718
3.631
3.771
3.847
3.419
3.753
3.933
3.302
3.715
3.381
3.667
3.409
3.878
3.176
3.744
3.830
3.982
4.214
3.707
3.608
3.737
3.777
3.557
4.365
4.182
3.809
3.672
3.756
4.595
4.077
3.575
3.674
3.700
3.502
3.402
3.884
3.824
4.152
3.545
3.324
3.612
3.912
3.556
3.474
4.165
3.713
3.907
3.798
3.746
3.535
4.036
3.636
3.724
3.537
3.546
3.876
3.967
3.656
3.444
3.714
3.432
3.726
3.281
3.621
