11.068
11.092
11.515
10.501
12.467
9.022
11.835
11.179
9.351
12.020
12.842
11.086
10.283
12.100
10.369
10.527
11.254
10.676
12.519
11.903
10.261
11.851
12.735
9.721
9.808
10.671
12.024
13.630
10.271
12.055
13.380
11.489
12.526
12.866
13.074
12.010
9.967
9.906
11.572
11.449
11.760
9.529
12.180
10.396
10.977
12.182
11.392
10.371
12.123
11.604
12.659
22.293
11.996
10.490
10.319
12.351
11.175
10.027
13.205
10.366
11.964
12.637
11.741
12.667
12.105
11.654
12.830
14.318
10.561
10.981
11.790
11.470
14.298
12.221
15.044
11.977
10.161
11.738
11.577
12.017
10.007
10.595
13.877
11.818
12.139
10.891
10.212
12.645
11.831
12.661
10.741
13.066
11.705
11.176
11.456
11.649
11.093
11.089
13.322
11.302
12.064
10.154
11.613
11.041
12.467
12.299
10.951
10.016
11.402
12.767
13.858
11.924
12.276
10.170
11.570
15.459
12.001
11.711
9.957
11.093
11.406
11.891
9.505
11.577
9.558
11.630
12.008
12.422
11.731
11.931
11.724
11.489
12.007
10.727
11.070
10.757
10.504
10.387
13.364
11.888
10.824
10.408
12.685
12.363
11.450
11.159
11.851
10.582
10.453
12.018
11.432
13.392
10.343
11.329
11.663
10.623
11.236
15.729
12.428
9.791
12.283
10.399
87.931
10.980
11.931
11.578
12.031
12.384
11.134
10.378
12.050
11.652
11.100
12.606
12.608
11.708
10.954
11.714
13.103
11.769
10.607
10.966
12.484
10.949
11.307
10.885
11.175
11.036
14.552
11.814
12.215
12.802
11.328
14.203
12.932
12.859
11.904
16.096
13.467
11.467
11.746
12.079
12.293
12.092
12.208
11.769
11.812
12.297
12.333
13.375
12.942
13.390
10.792
11.344
11.246
12.268
11.211
12.401
12.059
11.894
12.582
19.122
11.613
10.625
10.918
12.081
11.917
11.554
12.079
22.981
13.300
12.345
11.486
11.935
10.533
12.484
14.895
11.910
12.188
12.218
12.431
11.275
11.602
12.940
16.794
12.508
12.176
12.526
12.828
12.743
13.868
12.787
12.213
12.984
12.176
11.966
14.358
10.891
12.168
11.067
11.749
10.929
13.198
11.639
11.791
12.059
11.229
12.958
12.391
10.319
11.408
13.127
11.792
10.154
10.962
12.335
11.107
13.395
12.707
12.404
12.742
13.517
11.307
12.463
11.041
12.097
13.770
13.239
11.401
13.057
13.464
10.161
10.828
11.006
11.590
11.633
9.295
9.174
12.023
12.655
11.664
11.335
9.589
11.961
12.169
12.114
8.824
11.261
9.494
11.896
10.358
12.784
14.037
11.256
11.587
11.560
13.692
11.761
10.238
11.330
11.826
12.455
12.403
11.741
10.909
13.603
12.341
13.873
12.181
11.116
12.682
13.854
12.624
12.259
10.309
13.851
13.615
12.660
12.416
13.089
11.193
13.251
10.566
12.801
10.362
12.971
11.032
12.541
10.992
11.856
11.592
11.990
11.099
12.000
12.764
12.445
12.108
11.910
11.677
14.203
12.421
16.794
12.142
11.166
12.414
11.617
12.131
12.139
12.377
12.251
10.482
10.328
12.223
12.684
12.219
11.964
11.713
13.373
10.224
12.790
12.411
13.799
10.159
11.433
12.500
10.439
12.559
12.998
11.684
11.977
10.459
9.798
10.632
12.290
10.592
12.008
10.625
12.285
11.444
11.817
10.813
12.495
10.339
12.368
12.691
12.076
11.962
11.281
10.953
10.640
12.563
11.467
13.688
10.856
11.244
11.137
11.615
11.669
11.522
12.129
11.920
11.527
12.801
11.278
10.960
10.138
13.845
10.186
10.930
12.862
11.813
12.765
13.302
11.105
14.269
10.764
12.114
12.310
12.348
13.021
11.629
12.429
10.612
10.838
12.243
12.498
10.921
10.950
9.716
11.812
13.731
11.729
10.730
10.746
12.675
12.037
11.211
12.236
15.572
11.753
10.397
13.291
11.676
10.413
13.225
13.454
11.758
12.498
11.436
11.411
14.984
10.095
12.204
10.352
11.572
12.851
10.906
11.471
14.925
12.257
11.086
10.599
11.698
10.681
13.394
11.948
10.648
11.081
10.574
10.449
18.549
10.231
11.064
12.451
12.216
14.839
11.865
12.959
10.801
13.396
10.422
14.217
12.060
10.977
13.635
11.328
14.929
10.351
11.761
12.165
12.696
11.926
13.376
11.311
11.230
11.415
11.253
10.653
12.079
10.866
11.731
10.899
11.666
12.595
9.769
12.895
12.631
12.575
11.359
9.862
10.219
12.216
12.132
11.319
12.579
11.526
11.418
17.839
13.382
13.253
11.226
13.251
12.272
11.237
11.172
12.751
14.048
11.754
12.166
12.060
10.992
11.509
12.101
11.186
12.251
12.549
11.384
12.947
10.306
10.274
11.116
12.403
11.186
11.591
12.138
13.435
12.659
11.039
12.748
11.449
11.877
19.126
11.267
12.261
10.372
11.796
13.174
13.219
11.883
11.993
12.808
10.225
12.199
10.823
10.452
11.289
13.046
11.146
10.288
11.694
11.692
10.397
10.849
10.558
10.113
13.501
9.909
11.528
11.669
11.129
11.959
10.626
11.194
12.219
11.939
13.387
12.434
12.618
11.189
11.141
10.896
11.140
12.868
10.926
10.305
11.131
10.076
12.231
12.212
11.350
13.171
12.743
13.157
14.086
11.830
11.291
11.658
12.900
10.997
13.745
11.197
11.954
13.144
12.971
11.341
11.876
11.445
12.840
12.107
11.140
12.176
14.069
12.134
12.748
11.784
10.372
14.438
12.918
11.673
12.873
12.471
10.929
11.760
13.905
12.628
12.209
11.596
11.814
12.729
11.056
12.517
12.562
10.410
13.648
12.876
11.277
10.598
12.186
12.284
12.440
10.928
14.802
13.950
10.379
11.653
13.310
10.068
11.297
12.226
11.700
11.325
13.638
10.698
12.345
12.498
11.236
10.952
10.268
10.265
12.154
30.907
12.303
11.327
12.049
12.402
13.523
12.519
11.894
10.436
11.327
11.542
10.454
11.755
12.431
9.409
12.171
11.981
11.639
10.376
12.992
12.523
11.569
11.820
12.238
10.953
11.824
13.193
11.239
11.193
13.194
12.310
13.188
12.183
14.861
10.224
10.893
11.545
11.797
15.052
12.966
12.717
11.295
11.742
9.975
11.121
11.236
10.448
11.552
12.107
11.743
11.917
13.804
13.777
12.046
11.392
12.265
10.352
13.099
11.326
10.789
11.773
10.744
11.796
13.184
12.817
11.774
13.213
12.431
11.076
10.614
11.766
11.475
13.093
11.449
10.903
12.156
15.745
12.114
10.556
12.592
10.262
11.960
13.004
10.219
11.732
10.830
12.363
12.351
10.206
13.167
11.876
12.195
11.848
11.761
11.745
11.032
10.643
10.682
12.451
13.586
11.829
10.543
11.266
10.845
11.823
9.808
12.231
10.273
13.820
10.357
10.479
12.071
11.176
14.788
10.937
10.928
12.448
12.729
12.208
11.086
10.429
10.105
10.807
13.717
11.420
10.642
11.017
12.112
11.170
11.264
13.012
13.166
11.283
11.878
11.983
13.082
14.360
11.454
12.533
11.432
12.520
13.633
11.797
11.657
13.046
15.187
11.479
11.535
11.025
13.016
10.947
12.083
11.991
12.597
10.398
11.301
11.610
11.131
13.959
17.059
11.322
13.056
12.996
13.679
12.455
11.216
11.129
12.267
12.416
12.277
12.596
10.451
11.040
12.687
12.197
11.771
10.514
14.747
11.780
12.947
11.921
10.149
10.162
12.973
11.568
12.512
11.585
11.327
12.045
13.500
11.218
9.281
14.328
12.913
11.334
10.344
10.472
13.320
12.816
12.257
10.915
11.292
11.261
10.441
10.560
10.432
11.078
12.273
11.430
11.631
16.894
12.403
11.128
12.010
11.247
11.248
13.228
12.636
13.193
11.226
13.621
11.596
11.244
11.199
13.064
11.127
12.139
13.706
10.849
11.213
11.825
12.498
11.507
11.017
12.258
11.489
13.319
11.492
11.289
12.215
12.758
13.119
11.413
13.631
12.977
12.174
11.419
12.363
12.576
12.547
12.922
11.106
11.813
11.792
14.259
11.996
22.339
13.996
11.797
11.684
12.775
12.124
12.271
13.426
11.476
12.835
11.088
11.575
11.769
12.658
12.884
12.328
11.054
13.733
12.370
10.570
10.265
11.931
12.767
10.913
11.482
11.694
10.614
10.854
12.112
10.780
11.563
10.724
12.015
11.396
11.501
9.712
12.431
9.601
10.759
11.698
10.967
12.493
12.526
12.323
11.568
13.827
11.555
12.852
11.513
11.025
13.077
12.086
11.874
11.049
12.316
11.672
12.192
14.895
14.101
10.821
11.672
10.466
12.006
11.034
12.552
11.390
11.470
9.961
11.054
13.544
11.553
11.123
12.915
12.067
10.169
11.726
11.163
12.281
13.072
11.669
12.171
11.741
10.391
14.086
11.657
10.804
9.940
11.430
14.613
12.385
12.350
12.428
12.512
10.246
12.453
10.448
11.404
13.595
12.082
13.592
12.910
11.857
9.941
12.139
12.970
13.063
24.900
10.361
11.288
12.060
12.446
12.080
11.164
11.578
11.425
11.676
14.043
13.783
12.181
11.454
12.618
11.081
10.666
10.323
13.273
11.846
12.605
10.899
11.171
12.664
12.637
11.462
11.970
11.491
12.041
12.073
11.934
12.627
14.329
11.574
10.023
12.422
10.596
11.887
10.932
13.844
13.346
11.714
11.595
13.444
11.339
12.200
11.203
11.987
11.501
11.334
9.945
11.132
10.747
12.121
12.825
11.431
11.278
11.214
13.663
11.791
10.632
11.694
12.149
13.350
11.678
11.881
11.855
10.003
12.805
12.773
11.005
12.329
11.261
10.144
11.992
13.390
11.884
14.054
11.203
12.329
12.800
13.178
15.129
14.519
9.864
12.251
11.005
11.541
10.426
11.874
13.533
13.516
12.542
13.091
11.691
10.329
9.792
12.262
10.353
12.007
13.068
12.271
12.306
16.374
11.554
11.467
11.870
12.157
10.362
13.242
10.708
12.068
11.124
10.850
10.379
10.635
11.106
12.387
11.689
10.759
12.197
12.099
12.131
11.117
12.187
11.327
11.314
12.417
11.084
11.819
12.709
11.683
10.714
11.825
9.934
11.378
11.105
10.684
10.593
9.145
9.735
11.431
10.112
11.600
10.712
13.602
12.293
10.871
13.707
11.727
11.091
12.148
9.423
12.083
13.089
10.663
12.735
12.487
12.180
12.016
10.102
12.012
13.095
12.466
13.046
11.829
12.633
9.874
12.310
10.954
13.185
11.704
11.398
10.896
12.349
11.498
12.968
11.913
10.601
10.247
11.458
14.496
11.483
10.186
13.304
12.379
12.573
11.763
10.659
10.697
11.485
14.014
12.500
11.934
11.043
11.847
13.245
12.434
12.198
10.866
21.844
13.676
13.611
11.619
12.092
12.241
10.792
11.163
11.144
13.716
11.427
11.924
12.068
11.481
13.635
14.224
13.010
13.694
13.597
11.857
12.321
11.529
12.264
17.024
12.936
12.391
11.636
11.842
11.938
14.105
10.700
11.679
10.964
11.679
12.292
11.395
12.635
12.254
13.167
11.504
11.449
11.867
11.454
12.799
11.898
10.708
11.412
15.788
14.416
10.543
11.954
10.896
12.216
12.706
10.658
12.559
11.612
10.048
12.248
10.374
10.999
11.592
10.731
14.130
9.988
11.844
14.003
11.891
14.061
13.137
11.136
12.293
10.236
10.251
13.994
13.284
11.131
10.838
12.014
14.489
12.854
10.554
11.570
11.188
11.555
12.230
11.329
11.508
10.927
13.578
10.879
10.154
10.043
12.827
15.743
10.051
12.471
11.471
11.219
12.188
11.674
9.915
13.631
10.853
10.788
10.210
10.020
11.124
12.694
10.974
9.944
11.269
10.334
10.817
9.782
11.901
