11.744
11.988
11.650
10.307
11.928
9.084
10.158
11.405
8.790
12.603
13.106
11.021
10.074
12.039
10.357
10.863
11.310
10.238
11.679
11.906
10.066
10.350
11.747
9.201
9.912
11.267
11.688
13.465
10.207
12.844
12.929
10.865
12.302
12.559
12.355
11.757
9.903
9.988
11.444
10.987
12.612
10.618
12.313
10.311
10.312
12.551
10.867
10.778
13.538
11.912
11.956
13.224
11.984
10.305
10.186
12.544
10.904
10.276
12.217
10.886
11.276
12.617
12.235
12.487
12.368
10.869
13.036
13.156
10.514
10.991
12.279
12.359
11.827
12.496
12.741
11.409
10.267
12.128
10.922
12.071
9.844
10.678
11.624
11.859
11.334
10.559
10.596
12.059
9.718
12.930
10.858
13.294
12.434
11.639
11.576
12.472
11.137
11.033
11.564
11.094
12.466
10.127
11.711
12.017
13.087
13.051
11.637
10.142
11.155
10.819
12.853
12.219
12.179
12.234
10.637
10.685
12.471
11.950
12.047
10.328
10.599
11.743
12.317
9.299
11.744
9.778
10.028
11.134
12.515
12.967
11.476
13.074
14.024
10.574
12.794
10.236
11.454
10.655
10.151
10.821
12.949
11.564
10.623
10.690
12.824
11.699
10.600
10.653
10.986
10.108
10.071
10.655
10.543
11.621
9.778
10.966
10.986
10.741
10.969
13.387
11.684
9.566
11.659
9.784
10.043
10.316
12.013
11.130
10.595
11.395
10.930
10.760
12.149
11.403
10.837
11.071
12.252
11.505
10.938
11.598
11.669
10.795
9.758
10.096
12.404
10.227
10.797
11.523
11.651
10.459
13.459
11.536
11.770
12.300
10.950
13.517
11.952
11.552
11.150
12.848
13.124
10.883
11.498
11.010
11.385
11.023
11.545
11.839
12.710
11.803
12.471
12.699
12.224
12.717
11.224
10.131
11.482
12.373
11.828
13.094
12.033
12.255
12.464
11.469
11.034
10.198
9.945
11.237
11.205
10.918
11.243
14.929
11.856
11.621
11.500
10.092
10.351
11.969
13.978
11.235
11.228
10.711
11.679
11.562
12.081
12.552
12.965
11.352
12.446
12.807
15.970
12.994
12.372
12.820
12.182
12.261
11.570
10.617
12.896
10.371
12.728
10.723
11.411
10.377
12.937
10.890
11.404
12.409
10.182
12.000
10.982
9.780
10.663
13.013
11.034
9.860
10.439
12.837
11.014
12.662
11.340
11.275
12.358
12.951
10.814
11.863
11.180
11.614
13.013
12.917
11.530
11.994
12.953
10.004
10.359
11.414
12.063
12.140
9.937
9.585
12.809
13.210
11.158
11.023
9.472
11.622
12.634
11.857
9.169
11.385
8.679
11.772
9.917
13.756
12.743
11.273
11.863
11.876
13.291
12.263
10.668
10.426
11.014
12.289
11.939
11.568
11.389
11.169
12.323
13.796
11.631
11.633
12.706
11.875
11.417
11.572
10.538
10.119
11.720
13.534
12.243
10.866
12.727
11.183
11.904
10.567
12.810
9.478
13.151
10.675
11.996
10.776
11.345
11.042
11.539
10.283
11.740
11.426
11.660
11.600
12.385
10.763
11.175
11.524
13.335
12.008
11.143
12.427
11.206
12.699
12.078
10.914
12.693
10.354
10.584
11.869
12.513
11.811
12.009
11.187
13.072
9.712
11.974
12.008
14.454
9.481
11.297
11.607
10.351
12.502
12.912
11.477
10.044
11.731
10.175
10.219
12.419
10.671
11.964
10.930
11.700
12.253
11.664
11.277
11.668
9.984
11.789
12.161
11.460
11.849
10.399
10.966
11.043
11.970
10.578
14.103
10.717
9.786
10.717
11.855
11.593
11.596
11.664
12.260
11.774
11.635
10.925
10.712
9.627
13.663
9.454
11.618
12.786
10.701
11.824
11.884
11.075
13.737
10.345
12.477
12.093
11.173
12.266
11.264
12.490
11.154
11.057
11.940
11.498
10.252
11.066
9.620
10.020
10.105
11.853
10.447
10.516
12.816
12.181
10.865
12.226
11.995
12.009
10.372
11.254
9.961
10.036
11.595
12.434
10.833
12.231
10.963
10.866
14.414
9.626
11.971
9.873
11.331
11.590
10.864
10.501
15.578
11.872
11.629
9.324
11.381
10.650
12.173
11.904
11.240
10.887
10.949
10.108
12.600
10.060
11.209
11.722
12.116
14.251
11.442
12.851
10.686
14.444
10.430
12.574
12.126
10.709
13.278
11.092
14.477
10.325
11.378
11.559
12.188
11.977
12.249
11.129
10.243
11.328
11.608
10.332
11.482
10.058
11.304
10.294
11.471
12.130
9.646
12.664
11.967
12.472
10.963
9.544
10.408
11.877
11.940
11.506
13.153
11.368
10.612
36.076
12.497
13.011
11.151
12.919
12.072
10.981
10.970
13.042
13.645
11.717
11.291
11.499
10.846
11.082
11.881
10.726
12.544
11.960
10.972
13.291
10.536
10.096
11.052
11.628
10.383
10.953
11.803
12.291
10.859
10.818
12.071
11.462
13.197
10.614
11.754
12.264
10.349
11.970
13.392
12.676
10.940
11.754
12.024
10.237
12.192
10.502
11.344
10.899
12.148
11.559
11.741
12.134
12.319
10.791
11.181
11.089
10.741
11.883
9.433
11.396
11.188
11.016
11.698
10.479
10.666
11.706
12.283
13.025
11.252
11.138
10.249
10.713
10.418
11.458
12.618
10.294
9.781
10.928
10.092
11.656
12.390
10.674
12.192
13.072
12.035
12.412
11.619
11.406
11.138
12.448
10.737
12.648
10.877
11.782
12.849
12.544
11.852
11.032
10.610
12.391
12.331
10.171
12.256
11.926
11.348
13.603
10.776
9.394
11.140
11.762
11.279
12.575
12.614
10.379
11.560
11.507
12.535
11.894
11.519
10.059
12.168
11.294
11.859
12.159
10.077
13.999
12.505
11.628
10.182
12.032
12.121
12.058
10.167
13.443
13.960
10.837
12.356
12.599
11.063
11.226
12.207
11.491
10.614
13.388
10.556
13.036
11.767
11.277
9.753
10.611
10.625
11.739
11.496
12.861
10.606
11.485
11.839
13.839
12.070
12.067
11.189
11.141
11.913
11.578
10.879
10.775
9.535
12.293
11.871
11.901
9.782
11.406
12.409
11.372
12.399
13.166
10.444
12.121
11.189
10.302
10.843
12.236
11.779
12.082
11.528
13.883
10.274
10.137
11.737
11.279
13.418
11.939
11.756
11.399
11.952
10.062
11.414
10.285
10.114
11.735
13.686
10.810
11.481
13.762
14.569
11.098
11.890
13.502
10.404
12.368
11.109
10.855
11.277
10.729
12.448
11.049
11.398
11.945
11.833
11.675
11.104
10.159
11.268
11.044
12.435
11.455
10.934
11.399
12.414
12.198
10.599
12.044
9.842
11.437
11.835
10.918
11.162
10.415
12.804
12.354
9.866
12.483
11.604
12.098
11.881
12.013
11.864
10.611
10.859
11.009
12.435
12.839
11.401
10.574
10.519
10.932
11.267
10.493
12.354
10.262
13.755
10.453
10.443
11.725
11.547
13.221
10.653
10.797
12.443
12.590
12.564
11.144
10.612
10.109
11.098
13.867
10.614
9.905
10.929
12.300
11.010
11.373
11.919
13.102
12.038
10.915
12.391
11.447
13.515
10.533
11.921
10.828
13.577
13.511
11.507
12.324
12.946
12.380
10.854
11.496
11.403
12.115
10.560
11.539
12.388
11.338
10.251
11.763
10.623
11.683
13.115
14.445
11.407
13.476
13.396
12.167
11.418
10.361
10.686
11.997
12.634
12.290
12.215
10.417
10.146
13.667
12.049
12.525
10.513
12.959
11.305
12.531
11.800
9.089
10.990
12.334
10.837
12.026
11.306
11.819
11.876
12.844
11.193
9.516
12.719
12.823
11.396
10.616
11.004
12.311
13.018
12.580
10.418
10.170
11.742
12.372
12.004
10.630
10.486
11.029
11.767
11.328
11.844
16.828
12.561
10.899
11.857
10.466
11.391
11.503
12.614
12.670
10.558
12.389
10.773
10.634
10.316
10.931
10.542
12.085
13.022
10.185
10.538
12.358
12.051
11.091
11.062
11.894
11.250
10.690
11.940
11.033
11.871
12.184
12.242
10.773
12.757
10.754
11.439
11.078
12.105
11.841
11.926
11.944
10.770
10.898
11.837
11.985
12.121
12.659
12.666
11.068
11.647
12.219
12.241
12.480
12.158
10.961
12.019
10.772
10.506
11.430
10.868
12.466
11.623
11.910
70.291
12.642
9.992
10.061
11.529
12.794
11.086
11.127
11.572
10.230
10.750
11.611
9.989
10.896
10.602
12.138
10.513
11.278
10.539
13.186
9.035
10.643
11.329
10.821
12.020
12.164
13.379
11.334
13.696
10.912
11.763
12.161
10.868
13.954
11.666
11.646
10.105
11.870
11.517
12.919
14.213
13.897
10.533
10.802
12.428
11.961
11.033
12.511
11.194
10.354
9.636
11.300
12.357
11.302
10.480
12.670
12.099
9.983
11.394
11.289
11.961
12.041
11.046
12.342
10.734
9.723
12.153
11.675
10.424
9.793
11.056
11.869
12.475
11.736
11.996
11.842
10.343
12.972
11.199
10.230
12.782
10.147
11.055
12.994
11.515
10.122
12.211
11.896
12.566
11.899
10.266
10.594
11.783
11.765
11.579
10.485
12.615
11.486
11.913
12.458
11.611
12.731
11.703
11.931
11.415
10.917
10.269
13.105
11.394
12.848
11.003
11.128
12.446
11.608
10.864
10.973
10.311
10.901
11.181
12.369
12.997
13.948
11.712
9.354
10.529
9.929
11.269
11.407
11.757
12.830
10.759
11.099
13.764
11.097
12.623
10.816
11.420
12.294
10.956
10.480
11.969
10.229
11.893
12.555
10.090
9.888
11.361
13.155
11.934
10.313
11.406
12.161
12.539
10.975
11.171
11.527
9.226
11.896
12.679
10.172
11.329
11.613
9.532
11.727
12.556
11.931
12.539
10.913
10.897
12.897
10.865
13.210
14.268
9.929
12.316
11.103
11.409
11.113
12.167
12.019
12.820
12.513
14.061
11.262
10.360
9.826
12.118
9.917
10.486
11.411
11.578
11.004
12.760
12.722
11.457
12.121
11.487
12.103
10.199
13.069
10.843
11.696
10.995
10.854
10.848
10.233
11.078
11.373
11.491
10.200
11.744
11.933
11.975
11.243
11.982
11.274
11.345
10.153
11.181
10.964
11.524
11.551
10.847
11.735
10.642
11.666
10.943
10.473
11.406
9.196
9.920
11.974
10.192
10.572
10.319
11.880
11.898
10.365
12.597
11.290
10.518
11.733
9.309
11.217
11.843
9.993
12.302
11.829
11.501
12.103
10.579
11.598
12.828
13.874
12.450
11.671
10.847
9.561
11.587
10.529
12.801
10.532
10.789
11.172
11.410
11.267
12.116
11.956
11.398
10.116
11.761
12.324
11.085
10.171
10.704
12.345
13.819
11.236
10.106
10.287
10.879
13.056
12.369
11.808
10.767
11.536
13.792
12.013
13.229
10.354
12.291
11.359
13.043
11.238
12.193
11.832
10.125
10.439
11.396
13.161
10.624
11.072
11.196
10.825
13.830
12.769
12.755
13.868
12.983
12.334
12.618
11.505
11.454
14.041
12.857
12.053
10.982
11.225
11.898
14.212
9.840
10.964
10.962
11.925
12.278
11.377
12.100
12.297
11.880
10.396
11.436
11.588
11.128
11.972
11.507
9.039
11.655
14.797
14.344
11.412
12.001
11.669
11.654
12.152
10.823
12.197
10.762
10.057
12.197
10.117
10.682
11.175
11.103
13.346
9.943
11.932
13.298
12.208
13.828
12.210
10.502
11.714
10.939
10.412
13.932
13.389
11.062
11.120
11.922
14.549
12.734
10.168
12.044
11.078
10.635
12.459
11.445
12.454
11.631
12.368
11.496
10.901
11.219
11.790
11.701
10.298
12.663
11.482
11.137
12.043
10.972
9.843
12.542
10.586
10.398
11.781
10.294
11.305
12.893
11.597
11.346
9.139
11.234
9.959
10.788
9.495
12.116
