3.801
3.803
3.918
3.530
3.941
3.267
3.598
3.756
3.078
3.994
4.063
3.740
3.527
3.941
3.831
3.698
3.704
3.199
3.674
3.832
3.544
3.832
3.327
3.375
3.782
3.668
4.254
3.474
3.728
3.896
3.606
3.863
4.069
3.881
3.655
3.358
3.359
3.763
3.809
3.913
3.396
4.034
3.669
3.463
3.839
3.616
3.414
3.785
3.642
3.941
4.166
3.783
3.421
3.328
4.134
3.727
3.423
3.709
3.365
3.540
3.668
3.762
4.116
3.988
3.092
3.995
4.117
3.325
3.579
3.833
3.292
3.646
4.114
4.104
3.927
3.659
3.826
3.569
4.045
3.410
3.526
3.646
3.691
3.936
3.394
3.451
4.021
3.432
3.849
3.317
4.070
3.712
3.655
3.604
3.681
3.614
3.866
3.593
3.965
3.408
3.770
3.595
4.211
3.958
3.519
3.578
3.834
4.146
4.115
3.748
3.852
3.328
3.636
3.862
3.618
3.609
3.217
3.568
3.633
3.888
3.253
3.487
3.194
3.461
3.812
4.000
4.194
3.836
4.100
3.876
3.481
3.817
3.283
3.839
3.590
3.328
3.581
3.920
3.871
3.623
3.368
3.814
3.772
3.863
3.928
3.537
3.411
3.458
3.551
4.009
3.471
3.620
3.713
3.568
3.478
4.041
3.869
3.293
3.869
3.527
3.398
3.442
3.794
3.607
3.424
3.348
3.614
3.613
3.988
3.708
3.479
3.315
3.688
3.772
3.542
3.929
3.696
3.542
3.262
3.508
3.860
3.132
3.309
3.516
3.605
3.613
4.295
3.764
3.958
3.831
3.598
4.519
3.764
3.703
3.655
4.166
4.246
3.658
3.817
3.636
3.700
3.767
3.613
3.713
3.626
3.846
3.613
3.890
3.864
3.776
3.659
3.449
3.564
3.826
3.666
4.010
3.578
4.113
3.850
3.747
3.524
3.320
3.671
3.636
3.777
3.642
4.311
3.922
3.789
3.593
3.633
3.307
3.777
4.150
3.507
3.472
3.427
3.787
3.506
3.761
3.846
3.825
3.648
3.803
3.821
3.835
3.777
3.891
4.114
4.271
4.101
4.062
3.553
4.092
3.587
4.029
3.563
3.590
3.558
4.082
3.618
3.608
4.008
3.589
4.004
3.584
3.441
3.624
4.067
3.616
3.429
3.459
3.706
3.680
3.946
3.646
3.590
3.899
3.878
3.456
3.799
3.722
3.737
4.289
4.107
3.706
3.860
3.346
3.327
3.678
3.714
3.864
3.418
3.392
3.757
4.222
3.743
3.588
3.442
3.713
3.816
3.726
3.192
3.650
3.005
3.700
3.438
3.777
4.088
3.819
3.916
3.708
4.321
4.064
3.572
3.274
3.575
3.797
3.809
3.684
3.638
3.853
4.206
4.090
3.798
3.774
3.820
3.674
3.586
3.741
3.435
3.600
4.255
3.628
3.575
3.598
3.868
3.541
3.882
3.309
4.081
3.325
3.840
3.491
3.719
3.686
3.585
3.283
3.931
3.740
3.961
3.769
3.942
3.839
3.225
3.824
4.050
3.515
3.419
3.673
3.390
3.598
3.695
3.414
3.802
3.172
3.504
3.714
3.639
3.666
3.841
3.859
4.290
3.392
3.732
3.927
4.571
3.359
3.709
3.747
3.468
4.178
4.083
3.660
3.560
3.656
3.567
3.431
3.635
3.513
3.535
3.342
3.593
3.677
3.719
3.391
3.151
3.768
3.858
3.572
3.790
3.369
3.551
3.434
3.723
3.532
4.099
3.532
3.410
3.441
3.738
3.444
3.844
3.687
3.788
3.655
3.597
3.575
3.605
3.290
4.074
3.209
3.326
3.973
3.544
3.937
3.916
3.547
4.064
3.225
3.782
3.495
3.682
3.959
3.514
3.918
3.598
3.753
4.082
3.880
3.457
3.737
3.537
3.531
3.489
4.085
3.641
3.791
4.054
4.119
3.661
3.937
4.025
3.751
3.476
3.624
3.207
3.338
3.772
4.077
3.803
4.168
3.602
3.567
4.278
3.500
3.636
3.380
3.803
3.822
3.437
3.589
4.424
3.944
3.865
3.310
3.624
3.443
4.058
3.683
3.391
3.567
3.604
3.456
3.385
3.352
3.678
3.616
4.432
3.558
3.914
3.345
4.145
3.127
3.979
3.938
3.700
3.934
3.570
4.470
3.396
3.898
3.858
3.786
3.909
4.127
3.797
3.504
3.421
3.644
3.260
3.656
3.465
3.760
3.349
3.633
3.919
3.243
3.924
3.682
3.939
3.614
3.354
3.607
3.693
3.603
3.824
3.500
3.463
3.658
4.090
3.979
3.726
3.956
3.766
3.496
4.023
4.236
3.820
3.596
3.783
3.423
3.866
3.775
3.486
3.797
3.844
3.386
3.872
3.412
3.371
3.391
3.514
3.544
3.396
3.782
3.863
3.115
3.783
3.582
3.840
4.067
3.287
3.839
3.882
3.131
3.748
4.141
3.891
3.550
4.113
3.828
3.316
3.538
3.642
3.543
3.776
3.721
3.587
3.691
3.779
3.456
3.724
3.448
3.335
3.853
3.174
3.639
3.604
3.507
3.874
3.543
3.659
3.749
3.800
4.412
3.933
3.713
3.495
3.476
3.541
3.826
3.911
3.346
3.415
3.672
3.240
3.799
3.831
3.346
3.609
3.794
3.909
3.793
3.702
3.500
3.556
4.115
3.594
3.882
3.559
4.041
4.108
4.151
3.869
3.515
3.726
4.196
4.143
3.386
3.859
3.928
3.819
4.228
3.497
3.436
3.410
3.754
3.399
3.974
3.867
3.336
3.926
3.432
4.024
3.824
3.543
3.601
4.021
3.466
3.910
3.674
3.407
4.354
3.966
3.521
3.209
3.778
3.898
3.465
3.552
3.987
4.021
3.134
3.863
3.939
3.421
3.587
3.705
3.689
3.234
4.044
3.319
3.977
3.669
3.592
3.360
3.507
3.403
3.446
3.712
3.919
3.289
3.685
3.855
4.175
4.332
3.882
3.504
3.579
3.818
3.241
3.662
3.543
3.319
3.513
3.810
3.477
3.673
3.806
3.760
3.742
3.823
3.259
3.834
3.414
3.471
3.513
3.614
3.874
3.721
3.679
4.246
3.353
3.535
3.320
3.616
4.202
3.752
3.686
3.435
3.642
3.267
3.296
3.274
3.174
3.674
3.712
3.389
3.666
4.054
4.265
3.333
3.548
3.738
3.259
3.828
3.529
3.528
3.675
3.541
3.735
3.862
3.861
3.986
4.176
3.835
3.220
3.444
3.720
4.076
4.186
3.699
3.636
4.078
3.830
3.853
3.405
3.577
3.505
3.514
3.655
3.416
3.781
3.323
3.944
3.883
3.106
3.763
3.662
3.951
3.653
3.766
3.680
3.632
3.525
3.526
3.841
3.957
3.736
3.344
3.352
3.391
3.644
3.146
3.684
3.375
4.113
3.397
3.619
3.578
3.346
3.302
3.748
3.701
3.586
3.522
3.291
3.111
3.314
3.947
3.446
3.028
3.273
3.844
3.662
3.547
3.868
4.392
3.732
3.535
3.927
3.652
4.188
3.635
3.739
3.641
3.777
4.120
3.682
3.617
4.065
3.436
3.471
3.406
3.794
3.783
3.484
3.678
3.735
3.564
3.320
3.628
3.490
3.665
4.162
4.222
3.640
4.071
3.894
3.515
3.632
3.534
3.465
3.838
3.852
4.032
3.568
3.411
3.479
3.882
3.325
3.737
3.291
3.821
3.541
3.782
3.638
3.219
3.552
3.763
3.500
3.724
3.631
3.501
3.553
4.254
3.577
3.239
3.988
3.831
3.684
3.423
3.401
4.291
4.120
4.061
3.477
3.571
3.766
3.633
4.080
3.579
3.469
3.454
3.854
3.666
3.678
4.285
4.135
3.640
3.474
3.604
3.676
4.108
4.095
3.500
3.867
3.546
3.245
3.593
3.470
3.454
3.851
4.186
3.507
3.476
3.717
3.848
3.609
3.520
3.803
3.591
3.729
3.629
3.484
3.754
3.887
3.845
3.489
3.776
3.337
3.692
3.503
3.569
3.914
3.658
3.699
3.390
3.593
3.848
3.953
3.824
3.804
3.874
3.866
3.684
3.932
3.916
3.867
4.015
3.254
3.839
3.354
3.595
3.531
3.995
3.534
3.628
4.246
3.803
3.389
3.259
3.610
3.846
3.589
3.636
3.678
3.351
3.497
3.629
3.463
3.592
3.460
3.821
3.255
3.653
3.442
4.028
3.374
3.658
3.573
3.450
3.552
3.803
3.801
3.824
3.978
3.473
3.714
3.730
3.497
4.021
3.646
3.698
3.111
3.615
3.781
3.455
4.314
4.282
3.562
3.421
3.412
3.844
3.369
3.909
3.616
3.585
3.444
3.564
3.873
3.486
3.556
4.099
3.859
3.379
3.488
3.598
3.969
3.874
3.484
3.938
3.499
3.256
3.701
3.781
3.585
3.227
3.512
3.705
3.781
3.799
3.722
3.821
3.389
4.059
3.670
3.561
4.521
3.392
3.982
4.239
3.797
3.382
3.938
3.776
3.973
3.759
3.497
3.420
3.741
3.854
3.774
3.911
3.770
3.734
3.760
3.941
3.725
3.547
3.655
3.619
3.884
3.724
3.306
4.113
3.818
4.095
3.473
3.744
3.768
3.886
3.435
3.745
3.585
3.584
3.740
3.967
3.943
3.942
3.637
3.110
3.500
3.303
3.795
3.547
3.397
4.288
3.531
3.876
3.392
4.049
3.342
3.667
3.556
3.676
3.322
3.604
3.402
3.688
3.818
3.272
3.398
3.610
4.258
3.760
3.372
3.656
3.659
3.852
3.547
3.560
3.732
3.222
3.846
3.863
3.390
3.710
3.595
3.136
3.695
3.830
3.598
3.705
3.859
3.517
4.294
3.417
4.064
4.287
3.399
4.123
3.591
3.889
3.560
3.613
3.934
4.224
3.776
4.052
3.562
3.409
3.384
3.901
3.557
3.574
3.801
3.561
3.556
3.673
3.617
3.660
3.753
3.259
3.884
3.432
3.827
3.476
3.569
3.554
3.212
3.441
3.753
3.689
3.307
3.692
3.819
3.746
3.431
3.926
3.529
3.625
3.233
3.472
3.412
3.865
3.544
3.387
3.649
3.405
3.409
3.275
3.402
3.693
3.204
3.524
3.956
3.502
3.516
3.556
3.865
4.007
3.611
4.051
3.625
3.388
4.177
3.151
3.852
3.981
3.465
3.957
3.912
3.908
3.798
3.575
3.803
4.146
3.768
3.804
3.873
3.611
3.266
3.633
4.031
3.508
3.327
3.781
3.530
3.628
3.875
3.839
3.702
3.507
3.587
3.939
3.721
3.394
3.396
3.796
4.122
3.789
3.362
3.395
3.495
3.822
3.621
3.756
3.477
3.872
3.753
3.644
3.832
3.284
3.378
3.512
3.611
3.935
3.694
3.619
3.451
3.714
3.978
3.486
3.608
3.601
3.504
4.154
4.242
4.099
4.227
4.083
4.028
3.891
3.574
3.755
4.430
3.869
3.755
3.574
3.506
3.676
4.536
3.421
3.568
3.438
3.444
3.741
3.559
3.884
3.785
3.684
3.461
3.648
3.674
3.642
3.680
3.682
3.187
3.711
4.454
4.313
3.371
3.713
3.554
3.782
3.812
3.396
3.812
3.721
3.121
3.746
3.461
3.531
3.327
3.912
3.156
3.638
3.801
3.885
4.208
3.761
3.525
3.638
3.769
3.491
4.251
4.048
3.726
3.622
3.676
4.452
3.916
3.377
3.540
3.638
3.430
3.446
3.888
3.757
4.185
3.645
3.456
3.519
3.901
3.533
3.487
4.155
3.752
3.739
3.579
3.583
3.454
3.972
3.616
3.461
3.236
3.439
3.742
4.191
3.608
3.358
3.479
3.346
3.595
3.239
3.527
